DXEX v7
C:\Users\Ecole Polytech\Documents\My Flow Projects\TestComp.lda
8:53:45 AM
4;0.00 mm;0.00 mm;0.00 mm
0:3
"Particle Size [um]"	"Counts Number"	
0.3	2317
0.8	4443
1.3	15645
1.9	19214
2.4	13033
2.9	5763
3.4	6415
4.0	4372
4.5	5519
5.0	3893
5.6	2636
6.1	1568
6.6	1915
7.2	1726
7.7	1492
8.2	1124
8.7	782
9.3	740
9.8	788
10.3	698
10.9	540
11.4	478
11.9	348
12.5	399
13.0	364
13.5	308
14.0	265
14.6	205
15.1	198
15.6	206
16.2	187
16.7	169
17.2	118
17.8	141
18.3	124
18.8	113
19.3	116
19.9	80
20.4	87
20.9	94
21.5	85
22.0	84
22.5	78
23.1	65
23.6	81
24.1	68
24.6	62
25.2	45
25.7	60
26.2	39
26.8	39
27.3	47
27.8	45
28.4	33
28.9	32
29.4	28
29.9	21
30.5	31
31.0	18
31.5	30
32.1	20
32.6	18
33.1	12
33.7	23
34.2	24
34.7	15
35.2	14
35.8	12
36.3	22
36.8	15
37.4	11
37.9	17
38.4	13
39.0	11
39.5	11
40.0	12
40.5	10
41.1	8
41.6	9
42.1	8
42.7	9
43.2	11
43.7	6
44.3	2
44.8	4
45.3	10
45.8	6
46.4	4
46.9	4
47.4	8
48.0	5
48.5	6
49.0	5
49.6	1
50.1	3
50.6	6
51.1	2
51.7	4
52.2	1
52.7	3
