DXEX v7
C:\Users\Ecole Polytech\Documents\My Flow Projects\TestComp.lda
8:51:25 AM
1;0.00 mm;0.00 mm;0.00 mm
0:3
"Particle Size [um]"	"Counts Number"	
0.3	5248
0.8	6035
1.3	16363
1.9	17622
2.4	12336
2.9	5371
3.4	6068
4.0	3959
4.5	5341
5.0	3742
5.6	2563
6.1	1415
6.6	1784
7.2	1620
7.7	1435
8.2	1139
8.7	691
9.3	741
9.8	630
10.3	611
10.9	538
11.4	425
11.9	305
12.5	349
13.0	292
13.5	309
14.0	246
14.6	181
15.1	186
15.6	173
16.2	170
16.7	154
17.2	121
17.8	138
18.3	125
18.8	107
19.3	101
19.9	76
20.4	81
20.9	71
21.5	67
22.0	57
22.5	68
23.1	48
23.6	53
24.1	71
24.6	47
25.2	48
25.7	48
26.2	40
26.8	33
27.3	33
27.8	43
28.4	43
28.9	23
29.4	42
29.9	26
30.5	20
31.0	18
31.5	22
32.1	15
32.6	22
33.1	21
33.7	21
34.2	14
34.7	16
35.2	10
35.8	6
36.3	6
36.8	8
37.4	7
37.9	13
38.4	7
39.0	15
39.5	8
40.0	4
40.5	11
41.1	5
41.6	8
42.1	6
42.7	4
43.2	4
43.7	3
44.3	5
44.8	7
45.3	5
45.8	3
46.4	5
46.9	3
47.4	6
48.0	5
48.5	1
49.0	2
49.6	2
50.1	2
50.6	1
51.1	2
51.7	1
52.2	3
52.7	0
