DXEX v7
C:\Users\Ecole Polytech\Documents\My Flow Projects\TestComp.lda
8:52:11 AM
2;0.00 mm;0.00 mm;0.00 mm
0:3
"Particle Size [um]"	"Counts Number"	
0.3	4262
0.8	5695
1.3	16481
1.9	18152
2.4	12701
2.9	5571
3.4	6229
4.0	4033
4.5	5413
5.0	3754
5.6	2441
6.1	1491
6.6	1769
7.2	1602
7.7	1454
8.2	1048
8.7	718
9.3	684
9.8	669
10.3	609
10.9	506
11.4	399
11.9	316
12.5	310
13.0	298
13.5	315
14.0	242
14.6	177
15.1	179
15.6	191
16.2	188
16.7	158
17.2	119
17.8	123
18.3	118
18.8	96
19.3	102
19.9	66
20.4	61
20.9	80
21.5	74
22.0	75
22.5	59
23.1	66
23.6	55
24.1	55
24.6	46
25.2	50
25.7	37
26.2	44
26.8	43
27.3	38
27.8	36
28.4	28
28.9	26
29.4	25
29.9	34
30.5	20
31.0	33
31.5	17
32.1	24
32.6	14
33.1	16
33.7	18
34.2	18
34.7	24
35.2	8
35.8	11
36.3	16
36.8	10
37.4	11
37.9	14
38.4	11
39.0	16
39.5	5
40.0	9
40.5	8
41.1	4
41.6	5
42.1	4
42.7	9
43.2	4
43.7	3
44.3	1
44.8	7
45.3	4
45.8	2
46.4	7
46.9	7
47.4	5
48.0	2
48.5	2
49.0	4
49.6	2
50.1	3
50.6	2
51.1	3
51.7	1
52.2	5
52.7	0
