DXEX v7
C:\Users\Ecole Polytech\Documents\My Flow Projects\TestComp.lda
8:54:32 AM
5;0.00 mm;0.00 mm;0.00 mm
0:3
"Particle Size [um]"	"Counts Number"	
0.3	1897
0.8	4213
1.3	15379
1.9	19191
2.4	13000
2.9	5729
3.4	6503
4.0	4491
4.5	5825
5.0	4082
5.6	2789
6.1	1539
6.6	1951
7.2	1745
7.7	1481
8.2	1144
8.7	837
9.3	708
9.8	749
10.3	663
10.9	554
11.4	434
11.9	361
12.5	373
13.0	369
13.5	318
14.0	244
14.6	216
15.1	224
15.6	194
16.2	194
16.7	191
17.2	142
17.8	139
18.3	143
18.8	131
19.3	116
19.9	122
20.4	101
20.9	112
21.5	106
22.0	78
22.5	85
23.1	78
23.6	60
24.1	59
24.6	45
25.2	48
25.7	44
26.2	53
26.8	53
27.3	46
27.8	35
28.4	43
28.9	41
29.4	35
29.9	28
30.5	27
31.0	30
31.5	31
32.1	24
32.6	19
33.1	14
33.7	23
34.2	22
34.7	21
35.2	16
35.8	12
36.3	17
36.8	12
37.4	13
37.9	16
38.4	17
39.0	8
39.5	14
40.0	10
40.5	12
41.1	8
41.6	9
42.1	5
42.7	4
43.2	4
43.7	7
44.3	10
44.8	4
45.3	7
45.8	5
46.4	6
46.9	5
47.4	5
48.0	3
48.5	3
49.0	2
49.6	6
50.1	3
50.6	2
51.1	5
51.7	2
52.2	2
52.7	3
