DXEX v7
C:\Users\Ecole Polytech\Documents\My Flow Projects\TestComp.lda
8:52:55 AM
3;0.00 mm;0.00 mm;0.00 mm
0:3
"Particle Size [um]"	"Counts Number"	
0.3	3183
0.8	5030
1.3	16065
1.9	18558
2.4	12917
2.9	5823
3.4	6364
4.0	4206
4.5	5501
5.0	3705
5.6	2632
6.1	1520
6.6	1823
7.2	1663
7.7	1456
8.2	1182
8.7	768
9.3	683
9.8	707
10.3	638
10.9	572
11.4	418
11.9	328
12.5	361
13.0	339
13.5	291
14.0	266
14.6	177
15.1	195
15.6	201
16.2	185
16.7	162
17.2	136
17.8	106
18.3	137
18.8	123
19.3	104
19.9	106
20.4	85
20.9	78
21.5	85
22.0	71
22.5	69
23.1	62
23.6	65
24.1	47
24.6	56
25.2	46
25.7	43
26.2	38
26.8	29
27.3	34
27.8	33
28.4	30
28.9	24
29.4	38
29.9	28
30.5	30
31.0	25
31.5	28
32.1	30
32.6	21
33.1	24
33.7	17
34.2	18
34.7	11
35.2	15
35.8	11
36.3	8
36.8	12
37.4	12
37.9	13
38.4	10
39.0	11
39.5	8
40.0	6
40.5	11
41.1	7
41.6	6
42.1	6
42.7	8
43.2	5
43.7	1
44.3	3
44.8	4
45.3	7
45.8	7
46.4	2
46.9	1
47.4	6
48.0	3
48.5	6
49.0	3
49.6	5
50.1	1
50.6	3
51.1	1
51.7	0
52.2	0
52.7	0
