DXEX v7
C:\Users\Ecole Polytech\Documents\My Flow Projects\TestComp.lda
3:38:30 PM
1;0.00 mm;0.00 mm;0.00 mm
0:3
"Particle Size [um]"	"Counts Number"	
0.1	1050
0.2	1394
0.3	1190
0.4	896
0.5	697
0.6	572
0.7	476
0.8	413
0.9	356
1.0	327
1.1	329
1.2	270
1.3	233
1.4	184
1.5	170
1.6	135
1.7	171
1.8	155
1.9	117
2.0	105
2.0	94
2.1	79
2.3	90
2.4	61
2.5	49
2.5	43
2.6	23
2.8	23
2.9	26
3.0	19
3.0	11
3.1	12
3.3	10
3.4	11
3.5	13
3.5	9
3.6	9
3.8	4
3.9	6
4.0	0
4.0	4
4.2	2
4.3	0
4.3	2
4.5	3
4.5	1
4.7	1
4.8	1
4.9	1
5.0	1
5.0	1
5.2	0
5.3	1
5.4	0
5.5	0
5.5	0
5.7	0
5.8	0
5.9	1
6.0	0
6.0	1
6.2	0
6.3	0
6.4	0
6.5	0
6.5	0
6.7	0
6.8	0
6.9	0
7.0	0
7.0	0
7.2	0
7.3	0
7.4	0
7.5	0
7.5	0
7.7	1
7.8	1
7.9	0
8.0	1
8.1	0
8.2	0
8.3	0
8.4	0
8.5	0
8.6	0
8.7	0
8.8	0
8.9	1
9.0	0
9.1	0
9.2	0
9.3	0
9.4	0
9.5	0
9.6	0
9.7	0
9.8	1
9.9	0
10.0	0
