DXEX v7
C:\Users\Ecole Polytech\Documents\My Flow Projects\TestComp.lda
3:41:47 PM
4;0.00 mm;0.00 mm;0.00 mm
0:3
"Particle Size [um]"	"Counts Number"	
0.1	1123
0.2	1578
0.3	1311
0.4	915
0.5	740
0.6	576
0.7	487
0.8	411
0.9	351
1.0	383
1.1	327
1.2	271
1.3	247
1.4	177
1.5	215
1.6	170
1.7	165
1.8	186
1.9	136
2.0	123
2.0	115
2.1	95
2.3	90
2.4	71
2.5	69
2.5	28
2.6	27
2.8	24
2.9	25
3.0	24
3.0	18
3.1	17
3.3	10
3.4	7
3.5	5
3.5	9
3.6	5
3.8	4
3.9	6
4.0	4
4.0	7
4.2	2
4.3	0
4.3	3
4.5	1
4.5	1
4.7	1
4.8	1
4.9	0
5.0	3
5.0	0
5.2	0
5.3	2
5.4	0
5.5	0
5.5	0
5.7	0
5.8	0
5.9	1
6.0	0
6.0	0
6.2	0
6.3	0
6.4	0
6.5	0
6.5	1
6.7	0
6.8	1
6.9	0
7.0	1
7.0	0
7.2	0
7.3	0
7.4	0
7.5	1
7.5	0
7.7	0
7.8	0
7.9	0
8.0	0
8.1	1
8.2	0
8.3	0
8.4	0
8.5	0
8.6	0
8.7	0
8.8	0
8.9	0
9.0	0
9.1	0
9.2	0
9.3	0
9.4	0
9.5	0
9.6	0
9.7	0
9.8	0
9.9	0
10.0	0
