DXEX v7
C:\Users\Ecole Polytech\Documents\My Flow Projects\TestComp.lda
3:39:36 PM
2;0.00 mm;0.00 mm;0.00 mm
0:3
"Particle Size [um]"	"Counts Number"	
0.1	1080
0.2	1479
0.3	1338
0.4	910
0.5	753
0.6	586
0.7	466
0.8	447
0.9	391
1.0	327
1.1	327
1.2	255
1.3	222
1.4	207
1.5	208
1.6	207
1.7	167
1.8	159
1.9	155
2.0	124
2.0	113
2.1	83
2.3	93
2.4	73
2.5	54
2.5	33
2.6	33
2.8	14
2.9	14
3.0	11
3.0	18
3.1	12
3.3	12
3.4	12
3.5	10
3.5	7
3.6	3
3.8	4
3.9	4
4.0	4
4.0	5
4.2	4
4.3	6
4.3	3
4.5	0
4.5	2
4.7	2
4.8	2
4.9	1
5.0	0
5.0	0
5.2	3
5.3	1
5.4	2
5.5	0
5.5	2
5.7	0
5.8	0
5.9	0
6.0	3
6.0	0
6.2	0
6.3	0
6.4	1
6.5	0
6.5	0
6.7	0
6.8	0
6.9	1
7.0	0
7.0	0
7.2	0
7.3	0
7.4	0
7.5	0
7.5	0
7.7	0
7.8	0
7.9	0
8.0	0
8.1	0
8.2	0
8.3	0
8.4	0
8.5	0
8.6	0
8.7	0
8.8	0
8.9	0
9.0	0
9.1	0
9.2	0
9.3	0
9.4	0
9.5	0
9.6	0
9.7	0
9.8	0
9.9	0
10.0	0
