DXEX v7
C:\Users\Ecole Polytech\Documents\My Flow Projects\TestComp.lda
3:40:42 PM
3;0.00 mm;0.00 mm;0.00 mm
0:3
"Particle Size [um]"	"Counts Number"	
0.1	1089
0.2	1517
0.3	1263
0.4	1006
0.5	767
0.6	609
0.7	489
0.8	450
0.9	397
1.0	331
1.1	321
1.2	278
1.3	233
1.4	217
1.5	221
1.6	155
1.7	162
1.8	142
1.9	132
2.0	116
2.0	99
2.1	89
2.3	83
2.4	57
2.5	41
2.5	36
2.6	27
2.8	26
2.9	29
3.0	23
3.0	15
3.1	18
3.3	10
3.4	12
3.5	10
3.5	10
3.6	8
3.8	7
3.9	3
4.0	3
4.0	5
4.2	3
4.3	3
4.3	2
4.5	2
4.5	3
4.7	4
4.8	2
4.9	1
5.0	0
5.0	2
5.2	0
5.3	0
5.4	0
5.5	0
5.5	0
5.7	1
5.8	0
5.9	0
6.0	0
6.0	0
6.2	0
6.3	0
6.4	0
6.5	0
6.5	0
6.7	0
6.8	0
6.9	0
7.0	0
7.0	0
7.2	1
7.3	0
7.4	0
7.5	0
7.5	0
7.7	0
7.8	0
7.9	0
8.0	0
8.1	0
8.2	0
8.3	0
8.4	0
8.5	0
8.6	0
8.7	0
8.8	0
8.9	1
9.0	0
9.1	0
9.2	0
9.3	0
9.4	0
9.5	0
9.6	0
9.7	0
9.8	0
9.9	0
10.0	0
