DXEX v7
C:\Users\Ecole Polytech\Documents\My Flow Projects\TestComp.lda
3:42:53 PM
5;0.00 mm;0.00 mm;0.00 mm
0:3
"Particle Size [um]"	"Counts Number"	
0.1	1113
0.2	1467
0.3	1318
0.4	925
0.5	719
0.6	601
0.7	494
0.8	437
0.9	346
1.0	332
1.1	319
1.2	288
1.3	231
1.4	221
1.5	183
1.6	163
1.7	184
1.8	136
1.9	128
2.0	94
2.0	98
2.1	89
2.3	101
2.4	60
2.5	45
2.5	36
2.6	32
2.8	20
2.9	16
3.0	22
3.0	16
3.1	9
3.3	6
3.4	8
3.5	15
3.5	7
3.6	5
3.8	4
3.9	1
4.0	6
4.0	6
4.2	4
4.3	6
4.3	0
4.5	2
4.5	0
4.7	1
4.8	0
4.9	2
5.0	2
5.0	0
5.2	0
5.3	0
5.4	0
5.5	1
5.5	1
5.7	0
5.8	0
5.9	1
6.0	0
6.0	0
6.2	0
6.3	0
6.4	1
6.5	0
6.5	0
6.7	0
6.8	0
6.9	1
7.0	0
7.0	0
7.2	0
7.3	0
7.4	0
7.5	0
7.5	0
7.7	0
7.8	0
7.9	0
8.0	0
8.1	0
8.2	0
8.3	0
8.4	0
8.5	0
8.6	0
8.7	0
8.8	0
8.9	0
9.0	0
9.1	0
9.2	0
9.3	0
9.4	0
9.5	0
9.6	1
9.7	0
9.8	0
9.9	0
10.0	0
