DXEX v7
C:\Users\Ecole Polytech\Documents\My Flow Projects\TestComp.lda
4:55:27 PM
1;0.00 mm;0.00 mm;0.00 mm
0:3
"Particle Size [um]"	"Counts Number"	
0.3	805
0.8	1980
1.3	4150
1.9	5533
2.4	6007
2.9	6230
3.4	5918
4.0	5213
4.5	4484
5.0	3586
5.6	2951
6.1	2293
6.6	1890
7.2	1471
7.7	1271
8.2	1015
8.7	789
9.3	636
9.8	538
10.3	410
10.9	383
11.4	283
11.9	240
12.5	183
13.0	187
13.5	155
14.0	144
14.6	126
15.1	81
15.6	68
16.2	75
16.7	66
17.2	59
17.8	42
18.3	39
18.8	40
19.3	39
19.9	40
20.4	34
20.9	31
21.5	23
22.0	20
22.5	22
23.1	19
23.6	13
24.1	17
24.6	8
25.2	14
25.7	10
26.2	13
26.8	8
27.3	10
27.8	9
28.4	18
28.9	12
29.4	10
29.9	10
30.5	10
31.0	8
31.5	12
32.1	6
32.6	15
33.1	9
33.7	7
34.2	4
34.7	5
35.2	7
35.8	3
36.3	7
36.8	6
37.4	8
37.9	3
38.4	3
39.0	5
39.5	2
40.0	4
40.5	5
41.1	3
41.6	4
42.1	8
42.7	3
43.2	4
43.7	3
44.3	3
44.8	2
45.3	6
45.8	3
46.4	7
46.9	5
47.4	0
48.0	3
48.5	9
49.0	5
49.6	8
50.1	6
50.6	2
51.1	7
51.7	8
52.2	3
52.7	7
