DXEX v7
C:\Users\Ecole Polytech\Documents\My Flow Projects\TestComp.lda
4:58:44 PM
4;0.00 mm;0.00 mm;0.00 mm
0:3
"Particle Size [um]"	"Counts Number"	
0.3	730
0.8	1855
1.3	3841
1.9	5258
2.4	5801
2.9	5906
3.4	5855
4.0	5216
4.5	4224
5.0	3449
5.6	2808
6.1	2317
6.6	1836
7.2	1501
7.7	1208
8.2	986
8.7	826
9.3	631
9.8	499
10.3	439
10.9	380
11.4	287
11.9	251
12.5	182
13.0	189
13.5	165
14.0	131
14.6	122
15.1	86
15.6	89
16.2	66
16.7	56
17.2	64
17.8	42
18.3	38
18.8	31
19.3	29
19.9	30
20.4	27
20.9	17
21.5	23
22.0	27
22.5	23
23.1	17
23.6	20
24.1	9
24.6	8
25.2	14
25.7	15
26.2	9
26.8	13
27.3	9
27.8	8
28.4	11
28.9	20
29.4	12
29.9	11
30.5	6
31.0	6
31.5	9
32.1	14
32.6	8
33.1	8
33.7	5
34.2	4
34.7	8
35.2	4
35.8	5
36.3	0
36.8	7
37.4	5
37.9	9
38.4	3
39.0	2
39.5	6
40.0	2
40.5	4
41.1	2
41.6	3
42.1	2
42.7	3
43.2	4
43.7	3
44.3	1
44.8	4
45.3	1
45.8	3
46.4	2
46.9	2
47.4	2
48.0	4
48.5	10
49.0	7
49.6	8
50.1	12
50.6	11
51.1	5
51.7	8
52.2	11
52.7	5
