DXEX v7
C:\Users\Ecole Polytech\Documents\My Flow Projects\TestComp.lda
4:57:38 PM
3;0.00 mm;0.00 mm;0.00 mm
0:3
"Particle Size [um]"	"Counts Number"	
0.3	690
0.8	1853
1.3	3897
1.9	5344
2.4	5801
2.9	5926
3.4	5728
4.0	5119
4.5	4344
5.0	3447
5.6	2788
6.1	2218
6.6	1766
7.2	1476
7.7	1166
8.2	980
8.7	701
9.3	610
9.8	526
10.3	454
10.9	353
11.4	297
11.9	219
12.5	208
13.0	168
13.5	177
14.0	133
14.6	109
15.1	93
15.6	74
16.2	81
16.7	56
17.2	68
17.8	44
18.3	35
18.8	44
19.3	37
19.9	30
20.4	26
20.9	26
21.5	22
22.0	23
22.5	20
23.1	22
23.6	9
24.1	18
24.6	12
25.2	8
25.7	12
26.2	8
26.8	13
27.3	11
27.8	12
28.4	9
28.9	22
29.4	9
29.9	8
30.5	12
31.0	11
31.5	8
32.1	16
32.6	6
33.1	7
33.7	7
34.2	6
34.7	6
35.2	7
35.8	3
36.3	8
36.8	4
37.4	3
37.9	3
38.4	6
39.0	8
39.5	4
40.0	5
40.5	5
41.1	3
41.6	1
42.1	2
42.7	7
43.2	2
43.7	5
44.3	2
44.8	1
45.3	5
45.8	5
46.4	7
46.9	6
47.4	6
48.0	4
48.5	5
49.0	3
49.6	5
50.1	6
50.6	9
51.1	5
51.7	13
52.2	4
52.7	7
