DXEX v7
C:\Users\Ecole Polytech\Documents\My Flow Projects\TestComp.lda
4:59:49 PM
5;0.00 mm;0.00 mm;0.00 mm
0:3
"Particle Size [um]"	"Counts Number"	
0.3	640
0.8	1786
1.3	3848
1.9	5102
2.4	5756
2.9	5907
3.4	5823
4.0	5184
4.5	4350
5.0	3501
5.6	2833
6.1	2279
6.6	1928
7.2	1508
7.7	1253
8.2	943
8.7	808
9.3	642
9.8	505
10.3	429
10.9	343
11.4	298
11.9	250
12.5	228
13.0	189
13.5	154
14.0	136
14.6	112
15.1	113
15.6	78
16.2	100
16.7	61
17.2	62
17.8	41
18.3	40
18.8	41
19.3	39
19.9	32
20.4	22
20.9	27
21.5	21
22.0	24
22.5	23
23.1	9
23.6	16
24.1	18
24.6	15
25.2	6
25.7	10
26.2	10
26.8	8
27.3	12
27.8	20
28.4	7
28.9	10
29.4	16
29.9	14
30.5	11
31.0	12
31.5	12
32.1	11
32.6	10
33.1	14
33.7	9
34.2	6
34.7	2
35.2	3
35.8	6
36.3	2
36.8	1
37.4	5
37.9	3
38.4	4
39.0	4
39.5	2
40.0	6
40.5	2
41.1	3
41.6	0
42.1	5
42.7	5
43.2	1
43.7	4
44.3	2
44.8	4
45.3	5
45.8	3
46.4	7
46.9	9
47.4	3
48.0	7
48.5	6
49.0	3
49.6	2
50.1	8
50.6	2
51.1	9
51.7	10
52.2	4
52.7	9
