DXEX v7
C:\Users\Ecole Polytech\Documents\My Flow Projects\TestComp.lda
4:56:32 PM
2;0.00 mm;0.00 mm;0.00 mm
0:3
"Particle Size [um]"	"Counts Number"	
0.3	789
0.8	1935
1.3	4214
1.9	5711
2.4	6073
2.9	6395
3.4	5959
4.0	5343
4.5	4445
5.0	3524
5.6	2942
6.1	2331
6.6	1944
7.2	1545
7.7	1261
8.2	933
8.7	746
9.3	599
9.8	508
10.3	437
10.9	362
11.4	298
11.9	260
12.5	219
13.0	178
13.5	164
14.0	129
14.6	114
15.1	102
15.6	75
16.2	63
16.7	67
17.2	54
17.8	54
18.3	49
18.8	43
19.3	32
19.9	29
20.4	35
20.9	17
21.5	24
22.0	20
22.5	15
23.1	17
23.6	20
24.1	12
24.6	14
25.2	15
25.7	12
26.2	21
26.8	12
27.3	11
27.8	14
28.4	13
28.9	11
29.4	13
29.9	13
30.5	15
31.0	10
31.5	10
32.1	11
32.6	7
33.1	9
33.7	6
34.2	6
34.7	7
35.2	10
35.8	5
36.3	5
36.8	2
37.4	3
37.9	2
38.4	5
39.0	5
39.5	7
40.0	3
40.5	1
41.1	2
41.6	8
42.1	3
42.7	0
43.2	2
43.7	3
44.3	5
44.8	4
45.3	5
45.8	3
46.4	4
46.9	5
47.4	4
48.0	6
48.5	8
49.0	4
49.6	4
50.1	8
50.6	5
51.1	4
51.7	6
52.2	7
52.7	6
