DXEX v7
C:\Users\Ecole Polytech\Documents\My Flow Projects\TestComp.lda
5:03:51 PM
1;0.00 mm;0.00 mm;0.00 mm
0:3
"Particle Size [um]"	"Counts Number"	
0.3	669
0.8	1634
1.3	3558
1.9	4995
2.4	5420
2.9	5627
3.4	5551
4.0	5031
4.5	4283
5.0	3522
5.6	2804
6.1	2332
6.6	1819
7.2	1421
7.7	1248
8.2	1000
8.7	729
9.3	614
9.8	523
10.3	429
10.9	334
11.4	293
11.9	240
12.5	210
13.0	167
13.5	164
14.0	115
14.6	134
15.1	95
15.6	89
16.2	64
16.7	58
17.2	64
17.8	51
18.3	43
18.8	33
19.3	20
19.9	28
20.4	28
20.9	24
21.5	17
22.0	13
22.5	20
23.1	17
23.6	15
24.1	23
24.6	7
25.2	6
25.7	14
26.2	5
26.8	10
27.3	13
27.8	9
28.4	11
28.9	13
29.4	8
29.9	8
30.5	10
31.0	10
31.5	13
32.1	5
32.6	7
33.1	4
33.7	10
34.2	4
34.7	4
35.2	7
35.8	5
36.3	2
36.8	4
37.4	8
37.9	2
38.4	4
39.0	2
39.5	8
40.0	4
40.5	5
41.1	3
41.6	6
42.1	3
42.7	6
43.2	1
43.7	1
44.3	2
44.8	1
45.3	0
45.8	7
46.4	9
46.9	5
47.4	3
48.0	1
48.5	6
49.0	7
49.6	5
50.1	6
50.6	6
51.1	4
51.7	7
52.2	4
52.7	5
