DXEX v7
C:\Users\Ecole Polytech\Documents\My Flow Projects\TestComp.lda
5:04:57 PM
2;0.00 mm;0.00 mm;0.00 mm
0:3
"Particle Size [um]"	"Counts Number"	
0.3	670
0.8	1611
1.3	3410
1.9	4829
2.4	5254
2.9	5715
3.4	5548
4.0	5126
4.5	4157
5.0	3487
5.6	2831
6.1	2245
6.6	1796
7.2	1446
7.7	1240
8.2	958
8.7	801
9.3	607
9.8	552
10.3	439
10.9	417
11.4	315
11.9	244
12.5	234
13.0	183
13.5	172
14.0	141
14.6	111
15.1	84
15.6	76
16.2	67
16.7	70
17.2	50
17.8	48
18.3	49
18.8	36
19.3	21
19.9	43
20.4	21
20.9	23
21.5	23
22.0	20
22.5	22
23.1	20
23.6	11
24.1	10
24.6	11
25.2	12
25.7	9
26.2	14
26.8	12
27.3	9
27.8	7
28.4	12
28.9	10
29.4	16
29.9	12
30.5	9
31.0	8
31.5	9
32.1	9
32.6	9
33.1	13
33.7	9
34.2	4
34.7	5
35.2	7
35.8	6
36.3	10
36.8	4
37.4	3
37.9	4
38.4	2
39.0	4
39.5	2
40.0	2
40.5	3
41.1	4
41.6	4
42.1	2
42.7	4
43.2	4
43.7	3
44.3	4
44.8	3
45.3	6
45.8	6
46.4	5
46.9	2
47.4	5
48.0	6
48.5	6
49.0	3
49.6	5
50.1	6
50.6	7
51.1	9
51.7	7
52.2	8
52.7	8
