DXEX v7
C:\Users\Ecole Polytech\Documents\My Flow Projects\TestComp.lda
5:07:13 PM
4;0.00 mm;0.00 mm;0.00 mm
0:3
"Particle Size [um]"	"Counts Number"	
0.3	631
0.8	1518
1.3	3325
1.9	4674
2.4	5149
2.9	5486
3.4	5532
4.0	4978
4.5	4288
5.0	3375
5.6	2803
6.1	2279
6.6	1838
7.2	1518
7.7	1159
8.2	950
8.7	735
9.3	635
9.8	516
10.3	430
10.9	371
11.4	269
11.9	252
12.5	210
13.0	179
13.5	153
14.0	142
14.6	110
15.1	104
15.6	84
16.2	85
16.7	57
17.2	56
17.8	42
18.3	38
18.8	42
19.3	37
19.9	30
20.4	41
20.9	21
21.5	23
22.0	12
22.5	19
23.1	25
23.6	13
24.1	8
24.6	9
25.2	8
25.7	17
26.2	13
26.8	16
27.3	12
27.8	8
28.4	10
28.9	10
29.4	9
29.9	12
30.5	5
31.0	8
31.5	11
32.1	6
32.6	8
33.1	12
33.7	5
34.2	12
34.7	6
35.2	7
35.8	4
36.3	7
36.8	6
37.4	3
37.9	5
38.4	4
39.0	5
39.5	3
40.0	4
40.5	4
41.1	4
41.6	2
42.1	5
42.7	2
43.2	7
43.7	1
44.3	5
44.8	2
45.3	5
45.8	6
46.4	3
46.9	2
47.4	4
48.0	4
48.5	5
49.0	3
49.6	8
50.1	3
50.6	7
51.1	8
51.7	9
52.2	6
52.7	10
