DXEX v7
C:\Users\Ecole Polytech\Documents\My Flow Projects\TestComp.lda
5:08:18 PM
5;0.00 mm;0.00 mm;0.00 mm
0:3
"Particle Size [um]"	"Counts Number"	
0.3	666
0.8	1578
1.3	3436
1.9	4837
2.4	5506
2.9	5884
3.4	5948
4.0	5269
4.5	4441
5.0	3721
5.6	3014
6.1	2411
6.6	1970
7.2	1641
7.7	1283
8.2	953
8.7	821
9.3	678
9.8	578
10.3	498
10.9	368
11.4	355
11.9	275
12.5	228
13.0	162
13.5	140
14.0	156
14.6	142
15.1	90
15.6	105
16.2	71
16.7	77
17.2	59
17.8	59
18.3	49
18.8	40
19.3	30
19.9	43
20.4	33
20.9	25
21.5	37
22.0	21
22.5	19
23.1	19
23.6	9
24.1	18
24.6	7
25.2	7
25.7	5
26.2	7
26.8	7
27.3	11
27.8	11
28.4	7
28.9	12
29.4	10
29.9	12
30.5	13
31.0	18
31.5	10
32.1	14
32.6	17
33.1	6
33.7	2
34.2	10
34.7	8
35.2	11
35.8	6
36.3	7
36.8	9
37.4	3
37.9	10
38.4	4
39.0	3
39.5	5
40.0	1
40.5	3
41.1	4
41.6	2
42.1	2
42.7	2
43.2	3
43.7	6
44.3	3
44.8	2
45.3	1
45.8	3
46.4	1
46.9	2
47.4	2
48.0	1
48.5	11
49.0	4
49.6	10
50.1	6
50.6	7
51.1	5
51.7	8
52.2	4
52.7	8
