DXEX v7
C:\Users\Ecole Polytech\Documents\My Flow Projects\TestComp.lda
3:28:09 PM
3;0.00 mm;0.00 mm;0.00 mm
0:3
"Particle Size [um]"	"Counts Number"	
0.1	1163
0.2	1513
0.3	1174
0.4	903
0.5	735
0.6	593
0.7	489
0.8	415
0.9	398
1.0	371
1.1	332
1.2	279
1.3	226
1.4	205
1.5	188
1.6	168
1.7	188
1.8	154
1.9	146
2.0	98
2.0	105
2.1	92
2.3	75
2.4	70
2.5	46
2.5	31
2.6	28
2.8	20
2.9	19
3.0	20
3.0	13
3.1	11
3.3	8
3.4	11
3.5	2
3.5	7
3.6	5
3.8	2
3.9	3
4.0	8
4.0	0
4.2	3
4.3	0
4.3	2
4.5	1
4.5	1
4.7	0
4.8	1
4.9	0
5.0	1
5.0	1
5.2	0
5.3	0
5.4	0
5.5	0
5.5	0
5.7	0
5.8	1
5.9	2
6.0	0
6.0	1
6.2	1
6.3	0
6.4	0
6.5	0
6.5	0
6.7	0
6.8	0
6.9	0
7.0	0
7.0	0
7.2	0
7.3	0
7.4	0
7.5	0
7.5	0
7.7	0
7.8	1
7.9	0
8.0	0
8.1	0
8.2	0
8.3	0
8.4	0
8.5	0
8.6	1
8.7	0
8.8	0
8.9	0
9.0	0
9.1	0
9.2	0
9.3	0
9.4	0
9.5	0
9.6	0
9.7	0
9.8	1
9.9	0
10.0	1
