DXEX v7
C:\Users\Ecole Polytech\Documents\My Flow Projects\TestComp.lda
3:30:20 PM
5;0.00 mm;0.00 mm;0.00 mm
0:3
"Particle Size [um]"	"Counts Number"	
0.1	1126
0.2	1386
0.3	1161
0.4	834
0.5	690
0.6	569
0.7	446
0.8	438
0.9	394
1.0	348
1.1	313
1.2	260
1.3	226
1.4	225
1.5	188
1.6	149
1.7	186
1.8	141
1.9	117
2.0	119
2.0	100
2.1	102
2.3	77
2.4	57
2.5	41
2.5	31
2.6	32
2.8	18
2.9	15
3.0	18
3.0	8
3.1	8
3.3	8
3.4	8
3.5	8
3.5	8
3.6	2
3.8	1
3.9	2
4.0	1
4.0	1
4.2	3
4.3	4
4.3	0
4.5	2
4.5	0
4.7	2
4.8	1
4.9	0
5.0	0
5.0	0
5.2	1
5.3	1
5.4	2
5.5	0
5.5	0
5.7	0
5.8	0
5.9	1
6.0	0
6.0	0
6.2	1
6.3	0
6.4	0
6.5	0
6.5	0
6.7	1
6.8	1
6.9	0
7.0	0
7.0	0
7.2	0
7.3	0
7.4	0
7.5	0
7.5	0
7.7	1
7.8	0
7.9	0
8.0	0
8.1	0
8.2	0
8.3	0
8.4	0
8.5	0
8.6	0
8.7	0
8.8	0
8.9	0
9.0	0
9.1	0
9.2	0
9.3	0
9.4	0
9.5	0
9.6	0
9.7	0
9.8	0
9.9	0
10.0	0
