DXEX v7
C:\Users\Ecole Polytech\Documents\My Flow Projects\TestComp.lda
3:29:15 PM
4;0.00 mm;0.00 mm;0.00 mm
0:3
"Particle Size [um]"	"Counts Number"	
0.1	1085
0.2	1413
0.3	1163
0.4	942
0.5	733
0.6	604
0.7	455
0.8	430
0.9	377
1.0	319
1.1	319
1.2	257
1.3	211
1.4	211
1.5	207
1.6	165
1.7	137
1.8	148
1.9	137
2.0	99
2.0	115
2.1	97
2.3	85
2.4	76
2.5	50
2.5	40
2.6	37
2.8	31
2.9	16
3.0	16
3.0	15
3.1	15
3.3	7
3.4	5
3.5	10
3.5	3
3.6	4
3.8	4
3.9	2
4.0	1
4.0	3
4.2	2
4.3	3
4.3	4
4.5	2
4.5	0
4.7	1
4.8	1
4.9	0
5.0	2
5.0	0
5.2	1
5.3	1
5.4	0
5.5	0
5.5	0
5.7	0
5.8	1
5.9	0
6.0	0
6.0	0
6.2	0
6.3	0
6.4	0
6.5	1
6.5	0
6.7	0
6.8	0
6.9	0
7.0	0
7.0	0
7.2	0
7.3	0
7.4	0
7.5	0
7.5	0
7.7	0
7.8	1
7.9	0
8.0	0
8.1	0
8.2	0
8.3	0
8.4	0
8.5	0
8.6	0
8.7	0
8.8	0
8.9	0
9.0	0
9.1	0
9.2	0
9.3	1
9.4	0
9.5	0
9.6	0
9.7	0
9.8	0
9.9	0
10.0	0
