DXEX v7
C:\Users\Ecole Polytech\Documents\My Flow Projects\TestComp.lda
3:27:04 PM
2;0.00 mm;0.00 mm;0.00 mm
0:3
"Particle Size [um]"	"Counts Number"	
0.1	1132
0.2	1441
0.3	1203
0.4	891
0.5	711
0.6	537
0.7	468
0.8	404
0.9	387
1.0	338
1.1	319
1.2	274
1.3	228
1.4	195
1.5	175
1.6	166
1.7	177
1.8	141
1.9	135
2.0	133
2.0	111
2.1	67
2.3	81
2.4	71
2.5	39
2.5	29
2.6	25
2.8	24
2.9	17
3.0	12
3.0	12
3.1	18
3.3	10
3.4	11
3.5	9
3.5	3
3.6	5
3.8	2
3.9	3
4.0	5
4.0	0
4.2	2
4.3	1
4.3	3
4.5	2
4.5	0
4.7	1
4.8	1
4.9	1
5.0	1
5.0	0
5.2	0
5.3	0
5.4	0
5.5	0
5.5	0
5.7	1
5.8	1
5.9	0
6.0	0
6.0	0
6.2	0
6.3	1
6.4	0
6.5	0
6.5	1
6.7	0
6.8	0
6.9	1
7.0	0
7.0	0
7.2	0
7.3	0
7.4	0
7.5	0
7.5	0
7.7	0
7.8	0
7.9	0
8.0	0
8.1	0
8.2	0
8.3	0
8.4	0
8.5	0
8.6	0
8.7	0
8.8	0
8.9	0
9.0	1
9.1	0
9.2	0
9.3	0
9.4	0
9.5	0
9.6	0
9.7	0
9.8	0
9.9	0
10.0	0
