DXEX v7
C:\Users\Ecole Polytech\Documents\My Flow Projects\TestComp.lda
3:25:58 PM
1;0.00 mm;0.00 mm;0.00 mm
0:3
"Particle Size [um]"	"Counts Number"	
0.1	1060
0.2	1350
0.3	1123
0.4	901
0.5	698
0.6	490
0.7	484
0.8	416
0.9	378
1.0	343
1.1	282
1.2	248
1.3	226
1.4	224
1.5	187
1.6	193
1.7	167
1.8	133
1.9	127
2.0	103
2.0	93
2.1	88
2.3	76
2.4	82
2.5	52
2.5	24
2.6	29
2.8	25
2.9	14
3.0	21
3.0	18
3.1	13
3.3	12
3.4	10
3.5	9
3.5	5
3.6	10
3.8	6
3.9	2
4.0	6
4.0	6
4.2	8
4.3	0
4.3	0
4.5	1
4.5	1
4.7	2
4.8	0
4.9	1
5.0	0
5.0	2
5.2	0
5.3	2
5.4	0
5.5	0
5.5	0
5.7	0
5.8	0
5.9	0
6.0	0
6.0	0
6.2	0
6.3	1
6.4	0
6.5	0
6.5	0
6.7	0
6.8	0
6.9	1
7.0	0
7.0	0
7.2	0
7.3	0
7.4	0
7.5	0
7.5	0
7.7	0
7.8	0
7.9	0
8.0	0
8.1	0
8.2	0
8.3	0
8.4	0
8.5	0
8.6	0
8.7	0
8.8	0
8.9	0
9.0	0
9.1	0
9.2	0
9.3	0
9.4	0
9.5	0
9.6	0
9.7	0
9.8	0
9.9	0
10.0	0
