DXEX v7
C:\Users\Ecole Polytech\Documents\My Flow Projects\TestComp.lda
3:50:17 PM
5;0.00 mm;0.00 mm;0.00 mm
0:3
"Particle Size [um]"	"Counts Number"	
0.1	1063
0.2	1494
0.3	1316
0.4	957
0.5	719
0.6	580
0.7	514
0.8	442
0.9	389
1.0	392
1.1	331
1.2	276
1.3	249
1.4	224
1.5	206
1.6	180
1.7	179
1.8	155
1.9	141
2.0	110
2.0	103
2.1	109
2.3	88
2.4	78
2.5	53
2.5	34
2.6	34
2.8	27
2.9	20
3.0	21
3.0	9
3.1	18
3.3	6
3.4	13
3.5	9
3.5	7
3.6	6
3.8	4
3.9	0
4.0	4
4.0	3
4.2	1
4.3	2
4.3	4
4.5	0
4.5	1
4.7	1
4.8	2
4.9	0
5.0	1
5.0	0
5.2	1
5.3	0
5.4	0
5.5	0
5.5	0
5.7	1
5.8	0
5.9	0
6.0	1
6.0	0
6.2	0
6.3	0
6.4	0
6.5	1
6.5	1
6.7	0
6.8	0
6.9	0
7.0	0
7.0	0
7.2	0
7.3	0
7.4	0
7.5	1
7.5	0
7.7	0
7.8	0
7.9	0
8.0	0
8.1	0
8.2	0
8.3	0
8.4	0
8.5	0
8.6	0
8.7	0
8.8	0
8.9	0
9.0	0
9.1	0
9.2	0
9.3	0
9.4	0
9.5	0
9.6	0
9.7	0
9.8	0
9.9	0
10.0	0
