DXEX v7
C:\Users\Ecole Polytech\Documents\My Flow Projects\TestComp.lda
3:46:55 PM
2;0.00 mm;0.00 mm;0.00 mm
0:3
"Particle Size [um]"	"Counts Number"	
0.1	1211
0.2	1537
0.3	1358
0.4	959
0.5	762
0.6	591
0.7	494
0.8	464
0.9	384
1.0	357
1.1	292
1.2	256
1.3	262
1.4	216
1.5	189
1.6	185
1.7	151
1.8	137
1.9	115
2.0	117
2.0	113
2.1	107
2.3	91
2.4	71
2.5	58
2.5	28
2.6	33
2.8	18
2.9	22
3.0	18
3.0	16
3.1	21
3.3	15
3.4	12
3.5	6
3.5	8
3.6	6
3.8	5
3.9	2
4.0	5
4.0	4
4.2	4
4.3	2
4.3	1
4.5	6
4.5	3
4.7	2
4.8	1
4.9	1
5.0	1
5.0	1
5.2	2
5.3	0
5.4	0
5.5	1
5.5	0
5.7	0
5.8	1
5.9	2
6.0	0
6.0	0
6.2	0
6.3	0
6.4	0
6.5	0
6.5	0
6.7	1
6.8	0
6.9	1
7.0	2
7.0	0
7.2	0
7.3	0
7.4	0
7.5	1
7.5	0
7.7	0
7.8	0
7.9	0
8.0	0
8.1	0
8.2	0
8.3	0
8.4	0
8.5	0
8.6	0
8.7	0
8.8	0
8.9	0
9.0	0
9.1	0
9.2	0
9.3	0
9.4	0
9.5	0
9.6	0
9.7	0
9.8	0
9.9	0
10.0	0
