DXEX v7
C:\Users\Ecole Polytech\Documents\My Flow Projects\TestComp.lda
3:45:50 PM
1;0.00 mm;0.00 mm;0.00 mm
0:3
"Particle Size [um]"	"Counts Number"	
0.1	1106
0.2	1535
0.3	1202
0.4	965
0.5	745
0.6	595
0.7	527
0.8	420
0.9	401
1.0	375
1.1	312
1.2	271
1.3	254
1.4	195
1.5	190
1.6	170
1.7	144
1.8	147
1.9	144
2.0	132
2.0	110
2.1	81
2.3	80
2.4	56
2.5	65
2.5	31
2.6	31
2.8	20
2.9	19
3.0	17
3.0	14
3.1	14
3.3	12
3.4	6
3.5	5
3.5	6
3.6	7
3.8	8
3.9	7
4.0	4
4.0	7
4.2	1
4.3	4
4.3	2
4.5	3
4.5	4
4.7	2
4.8	1
4.9	1
5.0	2
5.0	0
5.2	1
5.3	1
5.4	0
5.5	0
5.5	1
5.7	1
5.8	0
5.9	1
6.0	0
6.0	0
6.2	0
6.3	0
6.4	0
6.5	0
6.5	0
6.7	0
6.8	0
6.9	0
7.0	0
7.0	0
7.2	0
7.3	0
7.4	0
7.5	1
7.5	0
7.7	1
7.8	0
7.9	0
8.0	0
8.1	0
8.2	0
8.3	0
8.4	0
8.5	0
8.6	0
8.7	0
8.8	0
8.9	0
9.0	0
9.1	0
9.2	1
9.3	0
9.4	0
9.5	0
9.6	0
9.7	0
9.8	0
9.9	0
10.0	0
