DXEX v7
C:\Users\Ecole Polytech\Documents\My Flow Projects\TestComp.lda
3:49:11 PM
4;0.00 mm;0.00 mm;0.00 mm
0:3
"Particle Size [um]"	"Counts Number"	
0.1	1083
0.2	1414
0.3	1273
0.4	871
0.5	691
0.6	584
0.7	504
0.8	457
0.9	394
1.0	350
1.1	323
1.2	303
1.3	278
1.4	227
1.5	200
1.6	196
1.7	168
1.8	170
1.9	138
2.0	111
2.0	100
2.1	86
2.3	81
2.4	81
2.5	49
2.5	34
2.6	21
2.8	24
2.9	17
3.0	19
3.0	12
3.1	11
3.3	15
3.4	7
3.5	13
3.5	5
3.6	6
3.8	11
3.9	4
4.0	3
4.0	5
4.2	3
4.3	4
4.3	3
4.5	3
4.5	1
4.7	3
4.8	0
4.9	0
5.0	0
5.0	0
5.2	1
5.3	1
5.4	2
5.5	1
5.5	0
5.7	0
5.8	1
5.9	1
6.0	0
6.0	1
6.2	1
6.3	1
6.4	0
6.5	0
6.5	0
6.7	0
6.8	0
6.9	0
7.0	0
7.0	0
7.2	0
7.3	0
7.4	0
7.5	0
7.5	0
7.7	0
7.8	0
7.9	1
8.0	0
8.1	0
8.2	0
8.3	0
8.4	0
8.5	0
8.6	0
8.7	0
8.8	0
8.9	0
9.0	0
9.1	0
9.2	0
9.3	0
9.4	0
9.5	0
9.6	0
9.7	0
9.8	0
9.9	0
10.0	0
