DXEX v7
C:\Users\Ecole Polytech\Documents\My Flow Projects\TestComp.lda
3:48:01 PM
3;0.00 mm;0.00 mm;0.00 mm
0:3
"Particle Size [um]"	"Counts Number"	
0.1	1145
0.2	1464
0.3	1329
0.4	895
0.5	791
0.6	577
0.7	529
0.8	418
0.9	352
1.0	357
1.1	329
1.2	284
1.3	226
1.4	204
1.5	207
1.6	176
1.7	163
1.8	156
1.9	128
2.0	129
2.0	96
2.1	97
2.3	81
2.4	70
2.5	51
2.5	35
2.6	29
2.8	27
2.9	21
3.0	16
3.0	17
3.1	17
3.3	12
3.4	7
3.5	6
3.5	10
3.6	4
3.8	10
3.9	3
4.0	4
4.0	4
4.2	1
4.3	1
4.3	4
4.5	1
4.5	2
4.7	2
4.8	2
4.9	0
5.0	0
5.0	1
5.2	0
5.3	1
5.4	0
5.5	0
5.5	0
5.7	0
5.8	0
5.9	0
6.0	0
6.0	0
6.2	0
6.3	1
6.4	1
6.5	0
6.5	0
6.7	0
6.8	0
6.9	0
7.0	0
7.0	0
7.2	0
7.3	0
7.4	0
7.5	0
7.5	0
7.7	0
7.8	1
7.9	0
8.0	0
8.1	0
8.2	0
8.3	0
8.4	0
8.5	0
8.6	0
8.7	0
8.8	0
8.9	1
9.0	0
9.1	0
9.2	0
9.3	0
9.4	0
9.5	0
9.6	0
9.7	0
9.8	0
9.9	0
10.0	0
