DXEX v7
C:\Users\Ecole Polytech\Documents\My Flow Projects\TestComp.lda
8:44:03 AM
2;0.00 mm;0.00 mm;0.00 mm
0:3
"Particle Size [um]"	"Counts Number"	
0.3	4720
0.8	5958
1.3	16130
1.9	17994
2.4	12543
2.9	5553
3.4	6186
4.0	4120
4.5	5347
5.0	3739
5.6	2628
6.1	1432
6.6	1791
7.2	1580
7.7	1418
8.2	1035
8.7	677
9.3	718
9.8	605
10.3	609
10.9	510
11.4	404
11.9	303
12.5	322
13.0	299
13.5	317
14.0	243
14.6	188
15.1	203
15.6	181
16.2	174
16.7	135
17.2	117
17.8	116
18.3	121
18.8	105
19.3	99
19.9	84
20.4	67
20.9	68
21.5	67
22.0	72
22.5	56
23.1	64
23.6	54
24.1	47
24.6	57
25.2	51
25.7	38
26.2	51
26.8	29
27.3	41
27.8	39
28.4	39
28.9	31
29.4	17
29.9	35
30.5	23
31.0	25
31.5	20
32.1	25
32.6	19
33.1	15
33.7	14
34.2	15
34.7	13
35.2	13
35.8	9
36.3	12
36.8	13
37.4	12
37.9	10
38.4	9
39.0	10
39.5	4
40.0	11
40.5	7
41.1	6
41.6	7
42.1	8
42.7	5
43.2	4
43.7	4
44.3	3
44.8	11
45.3	6
45.8	6
46.4	4
46.9	4
47.4	0
48.0	2
48.5	2
49.0	2
49.6	2
50.1	3
50.6	5
51.1	4
51.7	2
52.2	1
52.7	1
