DXEX v7
C:\Users\Ecole Polytech\Documents\My Flow Projects\TestComp.lda
8:44:47 AM
3;0.00 mm;0.00 mm;0.00 mm
0:3
"Particle Size [um]"	"Counts Number"	
0.3	4406
0.8	5681
1.3	16291
1.9	18069
2.4	12633
2.9	5669
3.4	6249
4.0	4066
4.5	5327
5.0	3830
5.6	2492
6.1	1475
6.6	1761
7.2	1592
7.7	1423
8.2	1063
8.7	720
9.3	681
9.8	611
10.3	634
10.9	561
11.4	422
11.9	306
12.5	320
13.0	290
13.5	290
14.0	266
14.6	178
15.1	217
15.6	181
16.2	186
16.7	176
17.2	112
17.8	131
18.3	110
18.8	95
19.3	100
19.9	84
20.4	83
20.9	79
21.5	87
22.0	76
22.5	66
23.1	63
23.6	56
24.1	52
24.6	43
25.2	45
25.7	51
26.2	43
26.8	29
27.3	33
27.8	21
28.4	29
28.9	24
29.4	27
29.9	23
30.5	19
31.0	17
31.5	26
32.1	19
32.6	12
33.1	22
33.7	23
34.2	10
34.7	12
35.2	10
35.8	14
36.3	9
36.8	18
37.4	16
37.9	7
38.4	8
39.0	4
39.5	6
40.0	4
40.5	7
41.1	9
41.6	9
42.1	12
42.7	4
43.2	7
43.7	6
44.3	3
44.8	12
45.3	4
45.8	6
46.4	2
46.9	7
47.4	3
48.0	3
48.5	2
49.0	4
49.6	1
50.1	3
50.6	2
51.1	3
51.7	2
52.2	1
52.7	2
