DXEX v7
C:\Users\Ecole Polytech\Documents\My Flow Projects\TestComp.lda
8:45:31 AM
4;0.00 mm;0.00 mm;0.00 mm
0:3
"Particle Size [um]"	"Counts Number"	
0.3	4407
0.8	5510
1.3	16011
1.9	17931
2.4	12574
2.9	5556
3.4	6275
4.0	4048
4.5	5469
5.0	3840
5.6	2594
6.1	1457
6.6	1855
7.2	1618
7.7	1492
8.2	1046
8.7	777
9.3	705
9.8	694
10.3	625
10.9	521
11.4	421
11.9	320
12.5	329
13.0	274
13.5	315
14.0	258
14.6	221
15.1	193
15.6	185
16.2	199
16.7	165
17.2	131
17.8	145
18.3	106
18.8	114
19.3	94
19.9	84
20.4	79
20.9	67
21.5	109
22.0	82
22.5	61
23.1	60
23.6	54
24.1	58
24.6	69
25.2	52
25.7	53
26.2	40
26.8	35
27.3	40
27.8	47
28.4	32
28.9	33
29.4	28
29.9	27
30.5	19
31.0	33
31.5	29
32.1	27
32.6	11
33.1	21
33.7	23
34.2	16
34.7	15
35.2	7
35.8	13
36.3	11
36.8	9
37.4	12
37.9	10
38.4	11
39.0	10
39.5	9
40.0	17
40.5	7
41.1	9
41.6	10
42.1	6
42.7	4
43.2	5
43.7	7
44.3	7
44.8	6
45.3	6
45.8	3
46.4	2
46.9	2
47.4	5
48.0	6
48.5	2
49.0	3
49.6	3
50.1	4
50.6	5
51.1	2
51.7	3
52.2	0
52.7	3
