DXEX v7
C:\Users\Ecole Polytech\Documents\My Flow Projects\TestComp.lda
8:46:18 AM
5;0.00 mm;0.00 mm;0.00 mm
0:3
"Particle Size [um]"	"Counts Number"	
0.3	3582
0.8	5224
1.3	15844
1.9	18220
2.4	12853
2.9	5802
3.4	6401
4.0	4210
4.5	5531
5.0	3825
5.6	2587
6.1	1511
6.6	1860
7.2	1684
7.7	1504
8.2	1071
8.7	748
9.3	698
9.8	680
10.3	649
10.9	539
11.4	415
11.9	342
12.5	382
13.0	293
13.5	319
14.0	245
14.6	192
15.1	190
15.6	160
16.2	178
16.7	165
17.2	128
17.8	126
18.3	134
18.8	111
19.3	96
19.9	86
20.4	88
20.9	93
21.5	82
22.0	66
22.5	75
23.1	63
23.6	55
24.1	44
24.6	53
25.2	58
25.7	43
26.2	48
26.8	49
27.3	43
27.8	37
28.4	42
28.9	24
29.4	27
29.9	15
30.5	22
31.0	18
31.5	15
32.1	25
32.6	30
33.1	17
33.7	17
34.2	21
34.7	15
35.2	15
35.8	15
36.3	16
36.8	12
37.4	15
37.9	8
38.4	11
39.0	9
39.5	10
40.0	15
40.5	8
41.1	8
41.6	7
42.1	2
42.7	5
43.2	6
43.7	5
44.3	4
44.8	6
45.3	2
45.8	4
46.4	5
46.9	7
47.4	8
48.0	2
48.5	1
49.0	4
49.6	6
50.1	5
50.6	0
51.1	1
51.7	1
52.2	3
52.7	4
