DXEX v7
C:\Users\Ecole Polytech\Documents\My Flow Projects\TestComp.lda
8:43:19 AM
1;0.00 mm;0.00 mm;0.00 mm
0:3
"Particle Size [um]"	"Counts Number"	
0.3	5022
0.8	6322
1.3	16642
1.9	18066
2.4	12655
2.9	5553
3.4	6036
4.0	3963
4.5	5207
5.0	3518
5.6	2547
6.1	1308
6.6	1681
7.2	1521
7.7	1307
8.2	1111
8.7	641
9.3	679
9.8	588
10.3	584
10.9	482
11.4	382
11.9	315
12.5	329
13.0	285
13.5	292
14.0	223
14.6	179
15.1	174
15.6	162
16.2	177
16.7	159
17.2	122
17.8	112
18.3	96
18.8	120
19.3	87
19.9	100
20.4	89
20.9	65
21.5	82
22.0	59
22.5	68
23.1	42
23.6	55
24.1	51
24.6	42
25.2	52
25.7	30
26.2	47
26.8	39
27.3	38
27.8	26
28.4	32
28.9	30
29.4	34
29.9	25
30.5	20
31.0	22
31.5	26
32.1	17
32.6	14
33.1	21
33.7	16
34.2	13
34.7	17
35.2	11
35.8	12
36.3	14
36.8	9
37.4	11
37.9	8
38.4	4
39.0	8
39.5	2
40.0	6
40.5	8
41.1	4
41.6	11
42.1	7
42.7	7
43.2	6
43.7	3
44.3	4
44.8	4
45.3	3
45.8	1
46.4	1
46.9	3
47.4	3
48.0	8
48.5	3
49.0	5
49.6	1
50.1	5
50.6	2
51.1	3
51.7	1
52.2	3
52.7	0
