DXEX v7
C:\Users\Ecole Polytech\Documents\My Flow Projects\TestComp.lda
4:48:16 PM
3;0.00 mm;0.00 mm;0.00 mm
0:3
"Particle Size [um]"	"Counts Number"	
0.3	1125
0.8	2127
1.3	4093
1.9	5060
2.4	4987
2.9	5028
3.4	4638
4.0	4217
4.5	3393
5.0	2764
5.6	2255
6.1	1872
6.6	1493
7.2	1191
7.7	917
8.2	759
8.7	622
9.3	458
9.8	396
10.3	353
10.9	271
11.4	257
11.9	180
12.5	170
13.0	145
13.5	133
14.0	125
14.6	101
15.1	84
15.6	76
16.2	75
16.7	73
17.2	51
17.8	36
18.3	32
18.8	23
19.3	31
19.9	23
20.4	23
20.9	16
21.5	21
22.0	17
22.5	14
23.1	14
23.6	13
24.1	7
24.6	9
25.2	9
25.7	4
26.2	13
26.8	12
27.3	10
27.8	7
28.4	14
28.9	9
29.4	15
29.9	12
30.5	9
31.0	16
31.5	13
32.1	7
32.6	5
33.1	8
33.7	7
34.2	5
34.7	6
35.2	10
35.8	8
36.3	5
36.8	5
37.4	2
37.9	3
38.4	5
39.0	6
39.5	2
40.0	1
40.5	2
41.1	1
41.6	2
42.1	1
42.7	4
43.2	3
43.7	2
44.3	6
44.8	0
45.3	2
45.8	1
46.4	6
46.9	4
47.4	4
48.0	7
48.5	7
49.0	5
49.6	6
50.1	12
50.6	6
51.1	9
51.7	8
52.2	8
52.7	2
