DXEX v7
C:\Users\Ecole Polytech\Documents\My Flow Projects\TestComp.lda
4:46:05 PM
1;0.00 mm;0.00 mm;0.00 mm
0:3
"Particle Size [um]"	"Counts Number"	
0.3	776
0.8	1831
1.3	3397
1.9	4098
2.4	4305
2.9	4162
3.4	4018
4.0	3532
4.5	2921
5.0	2376
5.6	2049
6.1	1652
6.6	1333
7.2	1075
7.7	862
8.2	722
8.7	561
9.3	458
9.8	404
10.3	336
10.9	261
11.4	238
11.9	171
12.5	154
13.0	137
13.5	133
14.0	123
14.6	83
15.1	74
15.6	69
16.2	57
16.7	57
17.2	44
17.8	44
18.3	30
18.8	26
19.3	29
19.9	33
20.4	22
20.9	12
21.5	17
22.0	16
22.5	17
23.1	17
23.6	11
24.1	11
24.6	15
25.2	13
25.7	10
26.2	7
26.8	7
27.3	11
27.8	7
28.4	5
28.9	11
29.4	12
29.9	13
30.5	13
31.0	6
31.5	14
32.1	6
32.6	10
33.1	5
33.7	6
34.2	9
34.7	4
35.2	6
35.8	7
36.3	11
36.8	3
37.4	4
37.9	3
38.4	0
39.0	5
39.5	6
40.0	4
40.5	2
41.1	3
41.6	0
42.1	3
42.7	2
43.2	4
43.7	5
44.3	7
44.8	2
45.3	3
45.8	3
46.4	7
46.9	7
47.4	7
48.0	3
48.5	2
49.0	4
49.6	10
50.1	10
50.6	5
51.1	10
51.7	10
52.2	9
52.7	9
