DXEX v7
C:\Users\Ecole Polytech\Documents\My Flow Projects\TestComp.lda
4:49:22 PM
4;0.00 mm;0.00 mm;0.00 mm
0:3
"Particle Size [um]"	"Counts Number"	
0.3	745
0.8	1840
1.3	3737
1.9	5186
2.4	5383
2.9	5472
3.4	5359
4.0	4550
4.5	3829
5.0	3153
5.6	2461
6.1	1989
6.6	1620
7.2	1319
7.7	1005
8.2	880
8.7	672
9.3	596
9.8	474
10.3	391
10.9	350
11.4	259
11.9	225
12.5	169
13.0	164
13.5	133
14.0	115
14.6	93
15.1	96
15.6	76
16.2	63
16.7	43
17.2	53
17.8	41
18.3	36
18.8	34
19.3	31
19.9	38
20.4	28
20.9	18
21.5	19
22.0	23
22.5	15
23.1	13
23.6	9
24.1	11
24.6	15
25.2	10
25.7	19
26.2	12
26.8	18
27.3	9
27.8	18
28.4	11
28.9	10
29.4	18
29.9	8
30.5	7
31.0	11
31.5	8
32.1	11
32.6	8
33.1	12
33.7	9
34.2	10
34.7	7
35.2	7
35.8	1
36.3	5
36.8	8
37.4	3
37.9	1
38.4	4
39.0	6
39.5	3
40.0	5
40.5	3
41.1	2
41.6	3
42.1	1
42.7	4
43.2	2
43.7	4
44.3	6
44.8	5
45.3	6
45.8	8
46.4	6
46.9	7
47.4	3
48.0	7
48.5	9
49.0	7
49.6	7
50.1	9
50.6	4
51.1	11
51.7	3
52.2	8
52.7	4
