DXEX v7
C:\Users\Ecole Polytech\Documents\My Flow Projects\TestComp.lda
4:50:28 PM
5;0.00 mm;0.00 mm;0.00 mm
0:3
"Particle Size [um]"	"Counts Number"	
0.3	784
0.8	1934
1.3	4276
1.9	5665
2.4	6024
2.9	6097
3.4	5585
4.0	5012
4.5	4025
5.0	3348
5.6	2720
6.1	2183
6.6	1716
7.2	1436
7.7	1160
8.2	948
8.7	726
9.3	583
9.8	497
10.3	430
10.9	339
11.4	267
11.9	234
12.5	203
13.0	182
13.5	145
14.0	135
14.6	100
15.1	95
15.6	87
16.2	73
16.7	63
17.2	68
17.8	49
18.3	45
18.8	42
19.3	34
19.9	37
20.4	26
20.9	23
21.5	26
22.0	19
22.5	18
23.1	19
23.6	18
24.1	16
24.6	12
25.2	5
25.7	10
26.2	12
26.8	12
27.3	10
27.8	12
28.4	9
28.9	15
29.4	11
29.9	8
30.5	7
31.0	11
31.5	15
32.1	4
32.6	7
33.1	6
33.7	14
34.2	7
34.7	6
35.2	7
35.8	5
36.3	9
36.8	8
37.4	7
37.9	3
38.4	6
39.0	3
39.5	1
40.0	1
40.5	4
41.1	4
41.6	7
42.1	3
42.7	4
43.2	4
43.7	8
44.3	4
44.8	3
45.3	3
45.8	5
46.4	7
46.9	5
47.4	5
48.0	6
48.5	7
49.0	6
49.6	9
50.1	8
50.6	9
51.1	13
51.7	8
52.2	5
52.7	9
