DXEX v7
C:\Users\Ecole Polytech\Documents\My Flow Projects\TestComp.lda
4:47:11 PM
2;0.00 mm;0.00 mm;0.00 mm
0:3
"Particle Size [um]"	"Counts Number"	
0.3	883
0.8	1899
1.3	3565
1.9	4517
2.4	4690
2.9	4614
3.4	4376
4.0	3957
4.5	3207
5.0	2571
5.6	2020
6.1	1749
6.6	1435
7.2	1123
7.7	940
8.2	748
8.7	602
9.3	473
9.8	437
10.3	337
10.9	297
11.4	251
11.9	228
12.5	170
13.0	149
13.5	149
14.0	96
14.6	95
15.1	70
15.6	69
16.2	75
16.7	50
17.2	56
17.8	46
18.3	38
18.8	36
19.3	31
19.9	32
20.4	26
20.9	31
21.5	25
22.0	17
22.5	20
23.1	12
23.6	13
24.1	13
24.6	14
25.2	8
25.7	11
26.2	7
26.8	6
27.3	10
27.8	7
28.4	6
28.9	12
29.4	9
29.9	11
30.5	9
31.0	12
31.5	7
32.1	9
32.6	13
33.1	6
33.7	7
34.2	8
34.7	4
35.2	7
35.8	5
36.3	9
36.8	8
37.4	3
37.9	4
38.4	2
39.0	1
39.5	6
40.0	2
40.5	6
41.1	5
41.6	5
42.1	1
42.7	3
43.2	4
43.7	3
44.3	5
44.8	2
45.3	4
45.8	8
46.4	9
46.9	2
47.4	10
48.0	8
48.5	8
49.0	7
49.6	8
50.1	5
50.6	4
51.1	9
51.7	8
52.2	10
52.7	10
