DXEX v7
C:\Users\Ecole Polytech\Documents\My Flow Projects\TestComp.lda
8:32:34 AM
3;0.00 mm;0.00 mm;0.00 mm
0:3
"Particle Size [um]"	"Counts Number"	
0.3	4662
0.8	5828
1.3	16288
1.9	17684
2.4	12664
2.9	5588
3.4	6120
4.0	3968
4.5	5332
5.0	3761
5.6	2538
6.1	1355
6.6	1780
7.2	1631
7.7	1421
8.2	1102
8.7	716
9.3	734
9.8	612
10.3	618
10.9	514
11.4	407
11.9	338
12.5	354
13.0	304
13.5	326
14.0	273
14.6	183
15.1	189
15.6	175
16.2	186
16.7	149
17.2	134
17.8	125
18.3	109
18.8	116
19.3	112
19.9	97
20.4	85
20.9	97
21.5	105
22.0	72
22.5	61
23.1	75
23.6	47
24.1	74
24.6	51
25.2	53
25.7	55
26.2	41
26.8	39
27.3	48
27.8	42
28.4	35
28.9	34
29.4	29
29.9	37
30.5	24
31.0	19
31.5	20
32.1	28
32.6	16
33.1	21
33.7	15
34.2	15
34.7	19
35.2	22
35.8	11
36.3	14
36.8	18
37.4	16
37.9	11
38.4	11
39.0	5
39.5	7
40.0	12
40.5	9
41.1	10
41.6	9
42.1	9
42.7	9
43.2	5
43.7	5
44.3	6
44.8	10
45.3	4
45.8	5
46.4	0
46.9	3
47.4	4
48.0	6
48.5	9
49.0	7
49.6	3
50.1	4
50.6	3
51.1	1
51.7	1
52.2	1
52.7	0
