DXEX v7
C:\Users\Ecole Polytech\Documents\My Flow Projects\TestComp.lda
8:31:49 AM
2;0.00 mm;0.00 mm;0.00 mm
0:3
"Particle Size [um]"	"Counts Number"	
0.3	5227
0.8	6381
1.3	16333
1.9	17396
2.4	12403
2.9	5522
3.4	6090
4.0	3910
4.5	5299
5.0	3734
5.6	2554
6.1	1398
6.6	1730
7.2	1510
7.7	1428
8.2	1043
8.7	647
9.3	646
9.8	646
10.3	567
10.9	543
11.4	409
11.9	286
12.5	339
13.0	292
13.5	326
14.0	254
14.6	184
15.1	185
15.6	184
16.2	190
16.7	160
17.2	144
17.8	134
18.3	106
18.8	138
19.3	118
19.9	95
20.4	87
20.9	94
21.5	66
22.0	75
22.5	70
23.1	53
23.6	56
24.1	65
24.6	63
25.2	56
25.7	54
26.2	49
26.8	48
27.3	42
27.8	45
28.4	40
28.9	30
29.4	31
29.9	23
30.5	22
31.0	18
31.5	16
32.1	20
32.6	19
33.1	19
33.7	14
34.2	26
34.7	22
35.2	16
35.8	13
36.3	20
36.8	12
37.4	19
37.9	14
38.4	9
39.0	14
39.5	4
40.0	11
40.5	11
41.1	6
41.6	10
42.1	3
42.7	6
43.2	4
43.7	7
44.3	6
44.8	2
45.3	5
45.8	6
46.4	1
46.9	4
47.4	3
48.0	2
48.5	2
49.0	3
49.6	0
50.1	2
50.6	5
51.1	1
51.7	1
52.2	2
52.7	2
