DXEX v7
C:\Users\Ecole Polytech\Documents\My Flow Projects\TestComp.lda
8:31:03 AM
1;0.00 mm;0.00 mm;0.00 mm
0:3
"Particle Size [um]"	"Counts Number"	
0.3	5500
0.8	6132
1.3	16018
1.9	17443
2.4	12210
2.9	5622
3.4	6163
4.0	3812
4.5	5270
5.0	3736
5.6	2619
6.1	1468
6.6	1732
7.2	1579
7.7	1456
8.2	1078
8.7	648
9.3	659
9.8	686
10.3	625
10.9	570
11.4	390
11.9	334
12.5	363
13.0	288
13.5	293
14.0	238
14.6	197
15.1	194
15.6	171
16.2	181
16.7	169
17.2	127
17.8	143
18.3	145
18.8	106
19.3	85
19.9	82
20.4	87
20.9	88
21.5	87
22.0	73
22.5	69
23.1	61
23.6	68
24.1	59
24.6	65
25.2	41
25.7	49
26.2	45
26.8	45
27.3	36
27.8	33
28.4	33
28.9	36
29.4	31
29.9	39
30.5	29
31.0	27
31.5	21
32.1	24
32.6	20
33.1	20
33.7	24
34.2	19
34.7	15
35.2	16
35.8	16
36.3	6
36.8	12
37.4	11
37.9	5
38.4	10
39.0	6
39.5	8
40.0	11
40.5	6
41.1	6
41.6	16
42.1	6
42.7	6
43.2	3
43.7	7
44.3	7
44.8	8
45.3	5
45.8	6
46.4	9
46.9	5
47.4	5
48.0	3
48.5	4
49.0	5
49.6	2
50.1	6
50.6	3
51.1	3
51.7	0
52.2	0
52.7	1
