DXEX v7
C:\Users\Ecole Polytech\Documents\My Flow Projects\TestComp.lda
8:33:20 AM
4;0.00 mm;0.00 mm;0.00 mm
0:3
"Particle Size [um]"	"Counts Number"	
0.3	4082
0.8	5995
1.3	16542
1.9	18074
2.4	12698
2.9	5607
3.4	6196
4.0	3979
4.5	5434
5.0	3723
5.6	2480
6.1	1407
6.6	1666
7.2	1550
7.7	1474
8.2	965
8.7	650
9.3	694
9.8	613
10.3	617
10.9	539
11.4	423
11.9	297
12.5	331
13.0	329
13.5	282
14.0	260
14.6	191
15.1	195
15.6	214
16.2	198
16.7	149
17.2	132
17.8	121
18.3	117
18.8	112
19.3	112
19.9	109
20.4	76
20.9	96
21.5	82
22.0	93
22.5	64
23.1	51
23.6	58
24.1	57
24.6	57
25.2	55
25.7	45
26.2	48
26.8	36
27.3	41
27.8	30
28.4	40
28.9	23
29.4	40
29.9	23
30.5	34
31.0	21
31.5	29
32.1	17
32.6	16
33.1	19
33.7	19
34.2	14
34.7	17
35.2	13
35.8	20
36.3	17
36.8	17
37.4	7
37.9	13
38.4	10
39.0	18
39.5	6
40.0	6
40.5	7
41.1	7
41.6	14
42.1	9
42.7	8
43.2	8
43.7	5
44.3	6
44.8	7
45.3	8
45.8	3
46.4	4
46.9	6
47.4	1
48.0	1
48.5	3
49.0	3
49.6	4
50.1	2
50.6	0
51.1	5
51.7	1
52.2	2
52.7	1
